0.082149
0.000000
0.000000
0.000000
-0.002801
0.000000
3.462866
0.000000
-43.837003
0.000000
0.000000
-0.000000
0.487223
0.027382
-0.000000
1.138006
-0.007511
0.033443
-0.000000
0.056933
0.000000
-0.000000
0.000000
0.000000
0.000000
-0.020979
0.000000
0.000000
-0.043550
-0.168989
0.195880
-0.000000
0.000000
0.000000
0.000000
0.000000
0.000000
0.000000
0.000000
0.000000
0.000000
0.000000
2.324730
0.000000
0.000000
-0.000000
9.178509
0.000000
0.000000
-0.000000
-0.000000
0.000000
0.000000
-0.000000
-0.097998
0.000000
-0.000000
0.000000
0.000000
-0.014706
0.593894
0.020326
0.000000
-0.009615
0.000000
0.000000
0.165847
0.000000
0.031294
0.000000
0.697367
0.000000
-0.033333
2.464278
-0.037056
0.000000
-0.000000
-0.000000
-0.000000
-0.000000
0.725966
1.428421
1.057704
0.000000
-0.000000
0.000000
2.308920
0.786094
0.000000
1.547901
0.000000
0.816603
-0.000000
-0.000000
0.000000
0.441838
0.473766
0.000000
-0.000000
0.000000
0.000000
0.000000
0.000000
0.000000
0.000000
-0.014706
0.000000
0.119981
0.000000
-3.606508
0.000000
0.000000
3.845851
176.081965
0.000000
0.247520
2.294736
0.000000
8.882637
0.000000
0.000000
0.000000
0.000000
0.000000
1.698768
3.264160
0.000000
0.000000
0.400397
0.000000
0.000000
-0.000000
0.000000
193.280826
0.000000
0.000000
0.000000
-0.000000
0.000000
0.000000
1.623571
0.183961
-0.000000
0.000000
-0.000000
0.000000
0.407089
0.000000
0.000000
0.915825
0.215231
0.000000
-0.043668
8.368733
0.000000
0.000000
0.121470
0.000000
0.000000
-0.175447
-0.074868
-0.000000
0.000000
-0.046492
-0.000000
-0.084865
0.000000
-0.052204
10.274930
0.004202
0.929351
-0.110803
-0.032257
0.010613
0.587228
6.488015
0.055326
0.000000
0.000000
0.000000
0.000000
0.000000
0.154795
0.000000
0.000000
-0.000000
0.000000
0.000000
-0.055556
-0.016403
0.000000
-0.016667
0.000000
-0.032997
0.026786
0.000000
-0.021672
0.000000
0.000000
-0.000000
0.271562
0.000000
0.000000
0.193572
0.000000
-0.000000
0.000000
1.695871
0.665104
0.000000
0.000000
4.123875
0.000000
-0.000000
0.000000
0.000000
0.000000
0.000000
0.000000
-0.004902
0.000000
0.000000
0.000000
0.019608
0.000000
-0.052767
-0.000000
0.000000
-0.000000
0.000000
0.000000
0.000000
0.000000
-0.000000
0.000000
0.000000
0.000000
0.000000
0.000000
0.249675
0.400000
0.233913
4.554800
0.000000
0.000000
0.643083
2.671444
0.093035
0.000000
5.929941
0.000000
0.000000
0.000000
0.000000
-0.000000
0.000000
-0.000000
195.876385
0.057196
0.101548
0.000000
0.000000
-0.000000
0.000000
0.000000
0.000000
0.000000
-0.000000
0.000000
0.000000
0.812360
0.000000
-0.000000
0.000000
0.000000
0.000000
0.016891
0.000000
2.193760
-0.000000
-0.000000
0.014286
0.000000
0.000000
0.049924
0.000000
0.000000
3.415532
1.570284
0.000000
0.000000
0.000000
-0.000000
0.000000
0.906083
0.000000
0.000000
43.010470
0.000000
0.000000
-8.056060
0.000000
0.000000
0.000000
1.161772
256.459139
-0.000000
0.000000
0.000000
0.000000
0.801401
0.000000
5.846006
0.000000
0.824763
0.000000
0.000000
0.000000
0.465340
0.412381
3.656659
0.000000
0.000000
0.000000
0.000000
0.000000
0.000000
0.000000
-0.000000
0.000000
0.000000
0.000000
0.000000
0.392886
0.696530
0.000000
0.000000
-0.000000
0.000000
0.000000
-0.000000
0.000000
0.000000
0.000000
-0.000000
0.000000
0.000000
0.645411
2.152272
0.011455
0.642502
0.000000
0.300000
0.000000
0.468045
-0.000000
0.000000
0.000000
1.864676
0.000000
-0.000000
0.000000
0.000000
-0.000000
0.000000
3.536406
0.000000
0.000000
-0.000000
0.000000
0.000000
1.495937
0.000000
0.177452
0.000000
0.000000
0.000000
0.000000
-0.097269
0.000000
0.000000
0.000000
0.000000
0.000000
0.000000
0.039232
0.000000
-0.157753
0.000000
-0.084501
0.000000
0.000000
0.000000
0.000000
0.000000
0.000000
0.539025
0.000000
0.000000
-0.081038
0.000000
-0.099740
0.000000
-0.000000
0.000000
0.951447
0.000000
0.539028
0.000000
0.000000
0.383827
-0.007692
2.136684
0.000000
0.000000
0.023162
0.000000
0.000000
0.000000
0.000000
0.000000
0.060363
0.000000
0.000000
0.000000
0.000000
0.000000
0.000000
-0.034722
0.000000
-0.000000
0.000000
2.963133
1.176378
0.000000
0.000000
1.710322
0.242684
-0.000000
-0.102257
0.000000
0.000000
0.000000
0.173915
0.000000
0.545713
0.000000
0.000000
0.000000
0.000000
0.000000
0.000000
0.000000
0.000000
0.000000
2.618376
7.772627
0.000000
0.081117
0.000000
0.000594
0.034159
0.000000
0.000000
0.000000
0.000000
0.000000
-0.000000
0.000000
0.000000
0.000000
0.000000
0.000000
0.000000
0.000000
0.000000
0.000000
0.547069
-0.000000
0.000000
0.000000
-0.000000
0.000000
-0.036032
0.075330
0.000000
0.000000
0.000000
-0.000000
0.000000
0.000000
-0.000000
0.000000
0.000000
0.000000
0.000000
0.000000
0.000000
0.000000
0.000000
0.099950
-0.059930
0.000000
0.000000
0.000000
0.000000
0.000000
0.000000
0.000000
-0.000000
0.000000
0.000000
0.000000
-0.000000
0.000000
0.000000
0.000000
0.000426
0.000000
0.000000
0.011455
0.000000
-0.000000
0.000000
-0.019608
0.000000
0.000000
0.363042
0.000000
0.000000
0.000000
0.000000
0.000000
-0.000000
0.063078
0.136606
0.029332
0.000000
-0.176168
0.000000
0.000000
0.000000
0.000000
0.248715
0.479454
0.000000
0.000000
-0.000000
0.000000
0.000000
0.000000
0.000000
0.000000
-0.000000
0.000000
0.000000
0.000000
-0.116203
0.000000
0.000000
0.510937
0.000000
0.000000
-0.000000
0.000000
0.000000
0.000000
0.147198
0.100809
0.000000
0.000000
0.000000
1.113154
0.000000
0.000000
-0.000000
-0.045272
0.000000
0.000000
0.000000
0.000000
0.000000
0.000000
-0.000000
0.014929
-0.062967
0.000000
-0.006801
0.000000
0.000000
-0.000000
-0.021212
0.000000
0.000000
-0.019514
-0.000000
-0.045704
0.000000
0.000000
0.000000
0.000000
0.000000
0.111501
0.000000
-0.000000
0.000000
0.194420
-0.000000
0.000000
0.000000
0.000000
-0.000000
-0.022471
0.022657
0.000000
0.000000
0.000000
-0.000000
0.020483
0.000000
0.000000
0.000000
0.000000
0.000000
0.000000
-0.000000
0.000000
0.228414
0.000000
0.000000
0.000000
0.000000
0.000000
-0.000000
0.000000
0.023386
0.000000
0.011884
0.000000
0.000000
-0.000000
-0.001832
0.000000
-0.000000
0.000000
-0.004625
0.038340
-0.012539
0.000000
-0.021672
0.064180
0.000000
0.000000
0.000000
0.356410
0.000000
0.000000
-0.000000
0.000000
-0.000000
0.000000
0.000000
0.000000
-0.000000
0.000000
0.000000
0.000000
-0.020979
0.000000
-0.000000
0.000000
0.015385
-0.000000
0.000325
0.000325
0.000000
0.000000
-0.000000
0.000000
0.000000
0.000000
-0.057024
0.000000
0.000000
0.257576
-0.053933
-0.000000
0.000000
0.000000
0.000000
-0.000000
-0.060460
0.000617
0.000000
0.000000
0.000000
-0.000000
-0.000000
0.000000
0.435413
0.000000
0.000000
0.011396
-0.000000
0.000000
0.000000
1.259500
0.000000
-0.027778
-0.000000
-0.013619
0.000000
-0.000000
0.000000
0.000000
1.361449
-0.052084
0.000000
0.000000
0.000000
0.000000
0.000000
0.044941
0.000000
0.000000
0.000000
0.000000
-0.000000
0.002137
0.000000
0.000000
0.000000
-0.000000
0.000000
1.058519
-0.056334
0.000000
-0.032037
0.000000
-0.111301
-0.069853
0.062143
0.000000
0.000325
-0.027868
0.000000
0.006380
0.000000
0.000000
0.046918
0.000000
-0.000000
0.000000
0.000000
0.000000
0.000000
0.000000
-0.019514
0.000000
0.000000
-0.000000
0.065368
0.000000
0.000000
0.000000
0.000000
0.000000
0.000000
0.000000
0.000000
-0.046977
0.000000
0.000000
-0.007682
0.000000
-0.000000
-0.051856
-0.000000
0.000000
-0.098729
0.000000
-0.092480
0.000000
0.027269
0.000000
0.000000
0.000000
0.000000
0.000000
0.000000
0.000000
0.000000
0.000000
0.000000
-0.002801
0.000000
0.000000
-0.000000
0.000000
0.000000
0.000000
0.000000
-0.000000
-0.032883
0.000000
0.000000
0.000000
0.000000
-0.000000
0.000000
0.000000
0.000000
0.247889
-0.006964
0.000000
0.000000
0.000000
0.111267
0.000000
0.000000
-0.001832
0.000000
-0.001832
-0.010101
0.000000
0.000000
-0.096123
0.000000
0.000000
0.000000
0.859550
0.004202
0.000000
0.000000
0.033873
-0.000000
0.000000
-0.000000
0.000000
0.000000
0.000000
0.000000
0.203170
0.000000
0.000000
0.000000
0.000000
-0.000000
0.136530
-0.000000
-0.000062
0.000000
0.000000
-0.000000
0.000000
0.000000
0.000000
0.693677
-0.000000
0.000000
-0.035444
0.000000
0.539344
0.000000
0.685197
0.000000
0.000000
0.000000
0.000000
1.099746
0.000000
0.000000
0.000000
0.000000
0.000000
-0.000000
0.000000
0.000000
0.000000
-0.000000
1.638566
0.000143
-0.000000
-0.000000
-0.002801
0.000000
0.000000
0.000000
-0.028588
0.063029
-0.045987
0.000000
-0.000000
0.000000
0.019264
0.000000
0.000000
0.000000
0.007547
0.000000
-0.000000
0.000000
0.000000
0.000000
1.072601
-0.000000
-0.004658
-0.021699
-0.006894
-0.000000
0.000000
0.000000
0.000000
0.000000
0.000000
-0.030553
0.000000
0.000000
-0.000000
0.000000
0.000000
0.000000
-0.043111
-0.000000
-0.000000
0.000000
-0.000000
-0.033201
0.000000
-0.152160
-0.000000
0.000000
-0.029639
-0.000000
0.000000
0.000000
0.000000
0.000000
-0.000000
-0.033651
0.000000
0.000000
0.000000
-0.008059
0.000000
0.000000
-0.000000
0.000000
-0.000000
0.000000
0.000000
0.000000
0.000000
0.000000
-0.000000
0.000000
0.000000
0.000000
0.000000
0.000000
0.000000
0.000000
0.000000
-0.000000
0.014071
0.455652
-0.000523
0.000000
0.000000
-0.000000
0.000000
0.000000
0.082194
0.028722
0.000000
0.000000
0.000000
0.000000
-0.000000
0.000000
0.117870
0.000000
-0.000000
0.000000
-0.000000
0.000000
0.000000
0.000000
0.000000
-0.000000
0.000000
0.000000
0.000000
0.000000
-0.000000
0.000000
-0.013529
-0.000000
0.000000
-0.000000
0.000000
-0.000000
-0.045392
0.000000
0.000000
-0.088246
0.000000
0.000000
0.000000
-0.004794
0.237868
0.531942
0.042244
-0.000000
0.000000
0.000000
-0.000000
-0.000000
0.000000
-0.034937
0.000000
-0.000000
0.000000
0.000000
0.000000
0.000000
0.000000
0.000000
0.946937
-0.026578
0.000000
0.000000
-806.450978
0.000000
0.000000
-0.027381
0.000000
0.000000
-0.000000
0.000000
0.111111
-0.010101
0.000000
-0.015128
0.000000
-0.000000
-0.072368
0.223466
0.000000
0.000000
0.000000
-0.000000
0.000000
0.000000
-0.000000
0.875553
-0.000000
0.000000
0.000000
0.000000
0.000000
-0.000000
0.000000
0.000000
0.000000
0.000000
0.000000
0.000000
0.028706
1.533199
-0.002801
0.000000
0.192821
0.123409
0.000000
0.000000
0.000000
0.000000
0.000000
0.017100
0.000000
0.000000
0.000000
0.000000
0.000000
0.000000
0.000000
0.000000
0.000000
0.000000
0.138134
-0.000000
0.000000
0.000000
0.000000
0.000000
0.000000
-0.000000
-0.000000
2.745310
-0.000000
0.000000
0.003106
-0.000000
-0.000000
-0.000000
0.000000
0.000000
0.000000
0.000000
0.000000
0.000000
0.000000
0.000000
0.000000
0.000000
0.000000
0.000000
0.000000
0.000000
-0.000000
0.000000
0.000000
0.213366
-0.116292
0.000000
0.000000
0.001216
0.000000
-0.000000
0.009217
0.000000
-0.000378
-0.000000
0.000000
2.001920
0.000000
0.000000
0.000000
0.000000
0.224899
0.000000
0.000000
0.069995
0.000000
0.000000
0.000000
0.000000
2.129127
-0.004427
-0.000000
-0.000000
0.000000
0.000000
-0.000000
0.000000
0.000000
0.000000
-0.031123
0.000000
0.000000
-0.030119
0.000000
0.000000
0.000000
0.000000
0.225534
0.000000
0.000000
0.000641
0.000000
-0.016788
0.000000
-0.000000
0.000000
0.000000
-0.810744
0.000000
1.110406
0.000000
0.000000
0.000000
0.000000
0.000000
0.000000
-0.200062
0.000000
0.000000
0.000000
0.000000
-0.000000
0.000000
0.000000
0.000000
-0.006192
0.000000
0.000000
-0.000000
0.000000
-0.000000
0.000000
0.000000
0.000000
0.000000
0.000000
0.000000
0.000000
-0.061404
0.000000
0.000000
0.000000
0.000000
0.000000
0.046723
0.000000
-0.000000
0.000000
0.000000
-0.000000
0.000000
-0.000000
0.000000
0.000000
0.000000
0.000000
-0.000000
0.000000
0.000000
-0.000000
0.000000
0.025175
0.000000
0.000000
0.000000
0.000000
0.000000
0.000000
-0.000000
0.000000
-0.000000
-0.055944
-0.000000
0.000000
0.000000
-0.000000
0.000000
-0.000000
0.000000
0.020329
0.000000
0.000000
0.000000
-0.000000
-0.000000
0.000000
0.000000
0.000000
0.000000
0.000000
0.000000
0.000000
0.000000
-0.023810
-0.000000
0.000000
0.000000
0.000000
0.000000
0.000000
0.000000
0.000000
0.000000
0.000000
0.000000
0.000000
-0.000000
0.000000
0.000000
0.000000
0.000000
0.000000
0.090749
0.000000
-0.047820
0.000000
0.000000
0.000000
0.000000
0.000000
0.000000
0.000000
0.000000
0.000000
0.000000
0.000000
0.000000
0.000000
1.427329
0.000000
0.000000
-0.000000
0.000000
0.000000
0.000000
1.565655
0.121940
0.000000
0.000000
-0.037500
0.000000
0.000000
0.545713
-0.062561
-0.010101
0.000000
0.000000
0.000000
0.000000
0.000000
0.000000
0.000000
0.000000
0.000000
0.000000
0.000000
-0.000000
0.000000
0.000000
0.000000
0.000000
0.496393
0.000000
0.000000
-0.011116
0.000000
0.000000
-0.014368
0.000000
-0.000000
0.000000
0.000000
0.022733
0.000000
-0.000000
0.000000
0.156300
0.000000
0.000000
-0.000000
0.000000
0.000000
0.000000
-0.000000
0.000000
0.000000
-0.004808
-0.000000
0.000000
-0.000000
0.000000
0.000000
0.000000
0.000000
-0.000000
-0.052803
-0.051364
0.000000
0.000000
0.000000
0.000000
-0.000000
0.015385
0.000000
-0.000000
0.000000
0.000000
0.000000
-0.000000
-0.000000
0.000000
-0.000000
-0.000000
0.000000
0.000000
0.000000
-0.000000
0.000000
0.000000
-0.000000
0.084781
-0.000000
0.000000
0.000000
0.000000
0.000000
0.000000
0.000000
0.000000
0.000000
0.000000
-0.000000
0.000000
-0.000000
0.000000
0.000000
-0.000000
0.000000
-0.000000
0.000000
0.000000
-0.000000
0.000000
0.000000
-0.000000
0.000000
0.000000
-0.015873
0.000000
0.000000
0.000000
0.000000
0.000000
-0.000000
-0.000000
0.000641
-0.547422
0.000000
0.000000
0.000000
0.000000
0.000000
0.000000
0.000000
2.338796
0.000000
-0.000000
0.000000
0.000000
0.000000
0.371546
0.000000
0.000000
0.000000
-0.000000
-0.000000
0.040111
-0.010101
-0.000000
0.000000
0.000000
1.281794
-0.095956
0.000000
0.000000
0.000000
-0.049893
-0.037552
0.000000
0.000000
0.000000
0.000000
0.000000
-0.016667
0.000000
0.000000
0.000000
-0.020202
0.000000
-0.000000
-0.000000
0.000000
0.000000
0.081206
0.000000
0.000000
-0.000000
-0.000000
-0.000000
0.000000
0.000000
0.032372
0.000000
0.108151
0.193939
0.000000
-0.000000
0.485203
0.000000
-0.000000
-0.038132
0.000000
-0.000000
-0.020202
0.000000
0.000000
0.000000
0.000000
0.000000
0.000000
0.000000
0.000000
0.000000
0.000000
0.000000
0.000000
0.000000
0.000000
-0.009217
0.000000
-0.000000
-0.004808
-0.000000
0.000000
-0.000000
-0.000000
0.000000
-0.000000
0.000000
0.000000
0.000000
0.000000
0.000000
0.000000
0.000000
-0.000181
0.000000
-0.000000
0.000000
0.000000
0.000000
0.000000
-0.074051
0.000000
0.097309
0.000000
0.000000
-0.000000
-0.000000
0.000000
0.000000
0.000000
0.000000
-0.000000
0.000000
-0.019767
0.000000
-0.058304
0.000000
-0.006865
0.000000
0.000000
0.017808
0.000000
-0.047800
-0.000000
-0.016667
-0.013393
-0.000000
0.000000
0.006667
0.000000
0.000000
-0.016667
0.000000
-0.000000
0.000000
0.000000
-0.000000
-0.000000
0.000000
0.000000
0.000000
0.000000
0.000000
0.000000
-0.000000
0.000000
0.000000
0.000000
-0.000000
-0.078388
0.000000
0.006410
0.000000
0.053081
-0.000000
0.061707
0.000000
0.000000
0.583401
0.000000
0.000000
0.000000
-0.000000
0.000000
0.000000
0.000000
0.000000
0.000000
-0.000000
0.000000
0.000000
0.000000
0.000000
0.000000
0.000000
0.000000
-0.025641
0.000000
0.000000
0.000000
0.000000
0.000000
0.000000
0.000000
0.000000
-0.034476
0.000000
0.000000
0.000000
-0.000000
-0.000000
0.000000
0.000000
-0.000000
0.016667
0.014303
0.000000
0.000000
0.000000
-0.006228
0.000000
-0.029152
-0.000000
-0.034814
-0.000000
-0.000000
0.000000
0.000000
0.000000
-0.000000
-0.000000
-0.006993
0.000000
-0.000000
-0.000000
0.000000
-0.000000
0.000000
0.000000
-0.000000
-0.000000
0.000000
0.000000
-0.000000
0.000000
0.000000
0.000000
-0.000000
0.000000
-0.006865
0.000000
0.000000
-0.027634
-0.000000
-0.000000
-0.000000
0.000000
0.000000
-0.000000
0.000000
0.622351
0.000000
0.000000
0.000000
0.000000
0.067769
0.000000
-0.006865
0.000000
-0.000000
-0.000000
0.000000
-0.016480
0.000000
0.005952
0.000000
0.000000
-0.000000
0.000000
0.000000
0.000000
0.000000
-0.000000
0.000000
0.000000
0.000000
0.000000
0.000000
0.000000
0.000000
0.000000
-0.000156
0.000000
-0.000000
6.588619
0.000000
0.000000
0.000000
0.000000
0.000000
0.000000
0.000000
-0.000000
-0.000000
-0.015756
0.000000
0.000000
0.000000
0.000000
0.000000
0.000000
0.000000
0.000000
0.000000
0.000000
0.069995
0.000000
0.000000
-0.000000
-0.000000
0.000000
-0.000000
-0.000000
0.000000
0.000000
0.000000
0.000000
0.000000
-0.037552
0.000000
0.000000
0.000000
0.000000
0.000000
0.000000
-0.018898
0.000000
0.000000
0.000000
0.000000
0.170645
0.000000
0.000000
0.000000
0.000000
0.000000
0.000000
0.000000
0.000000
0.000000
0.000000
-0.000000
0.000000
0.000000
0.000000
0.000000
0.000000
-0.000000
0.086968
-0.075772
-0.030028
0.000000
0.000000
0.000000
-0.008929
0.000000
0.000000
-0.000000
0.000000
0.000000
0.010101
-0.021212
0.000000
-0.087024
0.000000
0.000000
0.000000
-0.002801
-0.000000
-0.000000
0.000000
-0.000000
0.000000
-0.000000
0.000000
0.000000
0.000000
0.000000
0.000000
0.000000
0.000000
-0.000000
-0.000000
0.000000
0.047781
0.000000
0.000000
0.000000
0.000000
0.069995
0.000000
0.000000
0.000000
-0.047980
-0.013584
0.000000
-0.031709
-0.015385
-0.000000
0.000000
0.000000
0.152991
-0.000000
0.000000
-0.000000
0.000000
-0.004031
0.000000
0.137129
0.000000
0.000000
0.000000
0.000000
-0.023810
0.000000
-0.000000
0.000000
0.007299
0.957022
0.000000
0.027299
0.000000
0.000000
0.000000
0.000000
0.526041
0.000000
0.000000
0.000000
0.000000
-0.000000
0.000000
0.000000
0.000000
0.000000
-0.008403
0.000000
-0.000000
0.000000
-0.000000
0.000000
0.000000
0.000000
-0.016667
-0.015593
0.000000
-0.000000
0.000000
0.000000
0.000000
0.000000
0.000000
0.000000
0.000000
0.000000
-0.000000
0.000000
0.000000
0.000000
0.000000
0.000000
0.000000
-0.000000
0.000000
-0.000000
0.131986
0.000000
0.000000
0.000000
0.088190
0.000000
0.000000
0.000000
0.000000
-0.000000
0.000000
0.000000
0.000000
0.294366
0.000000
0.000000
0.014270
0.000000
0.003050
-0.000000
0.000000
0.000000
-0.000000
0.628866
0.000000
0.000000
-0.000000
0.000000
-0.000000
0.000000
0.000000
0.000000
0.000000
0.000000
0.000000
0.000000
-0.008403
-0.000000
0.000000
0.000000
0.000000
0.000000
0.000000
0.000000
0.000000
0.000000
0.000000
-0.000000
0.000000
0.000000
0.000000
0.000000
0.185159
0.000000
0.000000
0.000000
0.122131
0.000000
0.000000
0.000000
0.196248
0.218581
0.000000
0.000000
-202.849235
0.044444
0.000000
0.000000
-0.054647
0.000000
0.123903
-0.000000
0.000000
0.000000
0.000000
0.020307
0.000000
0.000000
-0.000000
0.000000
0.000000
0.000000
-0.000000
-0.000000
0.000000
-0.000000
0.000000
0.033333
-0.000000
-0.084741
-0.080058
0.000000
0.000000
0.000000
0.000000
0.000000
0.000000
0.000000
-0.000000
-0.000000
0.000000
0.018536
0.000000
-0.016667
0.000000
0.000000
0.000000
0.000000
0.000000
-0.000000
0.000000
-0.017391
0.000000
0.000000
0.000000
0.000000
0.000000
0.000000
-0.000000
-0.027778
-0.000000
0.000000
-0.000000
-0.000000
0.000000
-0.000000
1.104227
0.000000
0.000000
-0.049603
1.259531
0.000000
0.000000
0.000000
-0.000000
0.000000
0.000000
0.000000
0.000000
-0.000000
0.000000
0.000000
0.000000
0.000000
0.000000
0.923384
-0.000000
0.000000
0.000000
-0.000000
-0.010101
0.000000
-0.047728
0.000000
0.000000
0.000000
-0.000000
-0.053072
0.000000
0.000000
-0.000000
-0.000000
-0.000000
0.000000
0.000000
0.000000
-0.017045
0.000000
0.000000
-0.000000
0.000000
0.000000
0.000000
0.000000
0.000000
0.000000
0.000000
0.000000
0.000000
0.000000
0.000000
-0.000000
0.000000
0.000000
0.000000
-0.000000
-0.049769
0.009615
0.000000
0.000000
0.000000
-0.000000
0.000000
0.000000
0.000000
-0.000000
0.000000
-0.000000
0.000000
0.000000
0.000000
-0.000000
-0.027451
-0.000000
0.269325
0.000000
-0.013847
0.000000
0.000000
-0.000000
0.000000
0.000000
-0.076415
0.000000
0.000000
0.000000
0.000000
0.000000
0.000000
0.595110
0.000000
0.000000
-0.000000
-0.000000
0.595110
0.000000
0.000000
0.000000
0.000000
0.000000
-0.000000
0.000000
0.000000
-0.000000
0.000000
0.000000
-0.000000
0.000000
-0.050000
-0.000000
0.000000
0.000000
0.129826
0.000000
-0.004808
0.000000
0.000000
0.000000
0.000000
0.250047
0.000000
-0.029412
-0.023964
-0.000000
0.000000
-0.000000
0.000000
0.000000
0.000000
