0.490203
0.000000
0.000000
0.000000
-0.000000
0.000000
1.271035
0.002926
408.116519
0.000000
0.000000
0.000000
-0.081184
0.047191
0.000000
0.000000
1.167921
1.795652
-0.000000
-0.025873
0.000000
0.124143
0.000000
-0.000000
0.000000
-0.021432
0.091263
0.000000
0.183695
-0.059795
-0.000028
-0.000000
0.000000
0.000000
0.000000
0.000000
0.000000
0.000000
0.000000
0.000000
-0.000000
0.000000
1.634067
0.000000
-0.000000
-0.000000
-0.247179
0.000000
0.000000
-0.000000
-0.000000
0.000000
0.000000
-0.000000
0.003223
0.000000
-0.000000
0.000000
0.000000
1.179032
0.000962
0.439175
0.058201
-0.002392
0.000000
0.000000
0.114247
0.000000
-0.002506
1.511253
0.062944
0.000000
-0.039242
0.352838
-0.158461
0.000000
-0.000000
-0.000000
-0.000000
0.000000
0.000000
0.475218
0.177234
0.000000
-0.000000
0.000000
4.102162
1.431414
0.000000
-0.008521
0.000000
-0.000000
-0.000000
-0.000000
0.000000
0.013612
0.091953
0.000000
-0.000000
0.000000
0.000000
-0.000000
0.025000
0.000000
0.000000
-0.016562
0.253994
-0.000000
-0.000000
15.175290
0.000000
0.000000
0.812992
0.411635
0.000000
0.049443
0.056166
-0.000000
12.384845
0.000000
0.000000
0.000000
0.000000
-0.000000
0.000000
-0.251542
0.000000
0.000000
0.000000
0.000000
0.000000
-0.000000
0.000000
0.143093
0.000000
0.000000
0.000000
-0.000000
0.000000
0.000000
-0.021981
5.060623
-0.000000
0.000000
0.000000
0.000000
-0.008929
-0.000000
0.000000
0.000000
0.000000
0.000000
0.094324
13.516529
-0.113914
0.000000
0.391757
0.000000
0.017646
0.079928
0.911731
0.000000
0.000000
2.200605
-0.000000
-0.009028
0.000000
0.558288
7.673028
0.006689
0.054557
0.168812
0.138057
0.384307
4.734605
0.314332
1.094096
0.000000
0.000000
0.000000
0.000000
0.213724
-0.031849
0.000000
0.000000
-0.000000
0.337061
0.000000
-0.044134
0.089670
0.000000
-0.017544
0.000000
-0.028075
0.005128
0.000000
0.020866
0.000000
-0.000000
-0.000000
-0.094414
0.000000
0.000000
-0.019907
-0.000000
-0.000000
-0.000000
0.745763
-0.000000
0.000000
0.000000
48.809527
0.000000
-0.000000
0.000000
0.000000
0.000000
0.295838
0.000000
0.000000
0.055996
0.001394
0.000000
0.000000
0.000000
-0.026068
0.000000
0.000000
0.000000
0.000000
0.000000
0.000000
0.000000
-0.000000
0.000000
0.000000
0.000000
0.000000
0.000000
0.000000
0.043067
-0.000000
3.191824
0.000000
0.000000
0.000000
0.369706
0.067243
0.000000
4.241591
0.000000
0.000000
0.012338
0.000000
-0.000000
0.000000
-0.000000
25.035219
0.043701
0.081213
0.030590
0.000000
-0.000000
0.000000
0.000000
0.000000
0.000000
0.000000
-0.000000
1.610715
0.381387
0.000000
-0.000000
0.000000
0.000000
0.000000
-0.039914
0.000000
0.644270
0.000443
-0.000000
0.000000
-0.000000
0.000000
0.135972
0.000000
0.000000
0.695855
0.571913
0.000000
0.000000
0.000000
-0.000000
0.000000
0.000000
0.000000
0.000000
0.000000
0.000000
0.000000
59.868263
0.001232
0.000000
0.000000
0.455499
0.302552
0.569823
0.000000
0.000000
0.000000
0.000000
0.000000
0.101681
0.000000
0.000000
0.000000
0.000000
0.000000
-0.004348
0.000000
0.096844
0.000000
-0.000000
0.058473
-0.000000
0.000000
-0.000000
0.000000
0.000000
0.000000
0.000000
0.286313
0.000000
0.000000
-0.000000
0.000000
-0.000000
-0.000000
0.000000
0.000000
0.000000
-0.000000
0.000554
0.000000
-0.000000
0.000000
0.000000
0.054974
0.265133
-0.000000
-0.000000
-0.000000
0.000000
-0.000000
-0.008915
0.919860
0.000000
-0.000000
5.865674
0.000000
-0.000000
0.000000
0.000000
-0.000000
0.000000
6.966165
0.000000
0.000000
-0.000000
0.000000
0.000000
55.936934
0.000000
-0.061041
0.000000
0.000000
0.000000
0.000000
-0.004246
0.000000
0.000000
0.000000
0.000000
0.000000
0.000000
0.067206
0.000000
-0.066741
-0.000000
-0.035032
0.000000
0.000000
0.000000
0.000000
0.000000
0.000000
-0.079247
0.000000
0.000000
0.120889
0.000000
-0.046239
0.000000
-0.000000
0.000000
0.000000
0.000000
0.117758
0.000000
0.000000
0.049108
-0.018857
0.008494
0.000000
0.000000
0.276728
0.000000
0.000000
0.000000
0.000000
0.000000
-0.008527
0.000000
0.000000
0.000000
0.000000
0.000000
0.000000
0.031513
0.000000
-0.000000
0.000000
5.860375
-0.095027
0.000000
0.000000
2.325225
-0.094480
-0.000000
0.000000
0.000000
0.000000
0.000000
-0.000000
0.000000
0.000000
0.000000
0.000000
0.000000
0.000000
0.000000
-0.000000
0.000000
0.000000
0.000000
0.532650
-0.000000
0.000000
-0.039794
0.000000
-0.012353
0.005347
0.000000
0.000000
0.000000
0.000000
0.000000
-0.000000
0.000000
0.000000
0.000000
0.000000
0.000000
0.000000
-0.000000
0.000000
0.000000
0.481450
-0.000000
0.000000
0.219448
-0.000000
0.000000
-0.036805
-0.000000
0.000000
-0.000000
0.000000
-0.000000
0.000000
0.000000
-0.000000
0.219448
0.000000
0.000000
-0.000000
0.000000
-0.000000
0.000000
0.000000
0.695084
-0.092898
0.000000
0.000000
0.004692
0.000000
0.000000
0.000000
0.000000
-0.000000
0.000000
0.000000
-0.000000
-0.000000
0.000000
0.000000
0.000000
0.000000
0.000000
0.000000
-0.000000
0.000000
-0.000000
0.000000
0.000000
0.000000
0.000000
0.037171
-0.000000
0.000000
0.000000
0.000000
0.000000
-0.000000
-0.003288
0.173590
-0.025172
0.000000
1.104945
0.000000
0.000000
0.000000
0.000273
0.030568
0.227966
0.000000
0.000000
0.000816
0.000000
0.000000
0.000000
0.000000
0.000000
-0.000000
0.000000
0.000000
0.000000
5.051218
0.000000
0.000000
0.066720
0.000000
0.015847
0.000000
0.000000
0.000000
0.000000
-0.076703
1.268989
0.000000
0.000000
0.000000
0.120364
0.000000
0.000000
0.000000
-0.010256
0.000000
0.000000
0.000000
0.000000
0.000000
-0.000000
0.000000
0.000000
-0.025853
0.000000
0.005066
0.000000
0.000000
-0.000000
-0.018618
0.000000
0.000000
0.033049
-0.021911
-0.018188
-0.005128
0.000000
0.000000
0.000000
0.000000
-0.045090
0.000000
0.000000
0.000000
-0.022607
-0.000000
0.000000
0.000000
0.000000
-0.000000
-0.014409
1.291983
0.000000
0.000000
0.000000
-0.000000
0.481460
0.000000
0.000000
0.000000
0.000000
0.000000
0.000000
-0.000000
0.000000
-0.000000
0.000000
0.000000
0.000000
0.000000
0.000000
0.000000
0.000000
0.008333
0.002381
0.484433
0.000000
0.000000
0.000000
-0.001262
0.000000
0.000000
0.000000
-0.030022
-0.009763
-0.030366
0.000000
-0.001058
-0.087932
0.000000
0.000000
0.000000
-0.015098
0.000000
0.000000
0.000000
0.000000
-0.000000
0.000000
0.000000
-0.000000
0.000000
0.000000
0.000000
0.000000
-0.013922
-0.000000
0.000000
0.000000
0.104317
0.000000
-0.000000
-0.000000
0.000000
0.000000
-0.000000
0.000000
0.000000
0.000000
0.060434
0.000000
0.000000
0.000000
0.083617
-0.000000
0.000000
0.000000
0.000000
-0.000000
-0.011238
27.766128
0.000000
-0.011765
0.000000
-0.005952
-0.000000
0.000000
0.046301
0.000000
0.000000
0.141326
0.000000
0.054991
0.000000
157.109875
0.000000
-0.008929
-0.000000
-0.017262
0.000000
-0.000000
0.000000
0.000000
-0.028794
2.771115
0.000000
0.000000
0.000000
0.000000
0.000000
-0.009365
0.000000
0.000000
0.000000
0.000000
0.000000
-0.000610
0.000000
0.000000
0.000000
0.000000
-0.000000
0.000000
3.004666
0.000000
1.736407
0.000000
7.073307
0.058239
83.281931
0.000000
-0.000000
0.045186
0.000000
0.481368
0.173917
0.000000
1.007818
0.000000
-0.000000
0.000000
0.000000
-0.000000
0.000000
0.000000
0.171242
0.000000
0.000000
-0.000000
-0.000000
0.000000
0.336967
0.000000
0.000000
0.000000
0.000000
0.000000
0.000000
-0.028096
0.000000
0.000000
-0.029168
0.000000
0.000000
-0.021795
-0.000000
0.000000
0.062766
0.000000
-0.005245
0.000000
0.007089
0.000000
0.077778
0.000000
0.000000
0.000000
0.000000
0.000000
0.000000
0.000000
0.000000
-0.012258
0.000000
0.000000
0.000000
-0.000000
0.000000
0.000000
0.000000
0.000000
0.100173
0.000000
0.000000
0.000000
0.000000
-0.000000
0.000000
0.000000
-0.001689
0.278480
-0.000000
-0.000000
0.000000
0.000000
0.009778
0.000000
0.000000
-0.002392
0.000000
-0.002392
-0.011765
0.000000
0.000000
0.000000
-0.065017
0.000000
0.000000
1.050310
0.055343
0.000505
0.008175
0.091992
0.000000
-0.000000
-0.000000
0.000000
0.000000
0.000000
-0.000000
2.975961
0.000000
-0.000000
0.000000
0.000000
-0.000000
83.989558
0.592745
0.624571
0.000210
0.000000
0.000000
0.000000
0.515003
0.000000
3.428415
0.009765
0.000000
0.731130
-0.000000
-778.229545
0.000000
0.040724
0.000000
-0.000000
0.000000
0.000000
0.457546
-0.000000
0.000000
0.000000
0.000000
0.000000
0.000000
0.554219
0.000000
0.000000
0.000302
1.714030
-0.000000
0.396237
1.037045
-0.008369
0.000000
0.000000
0.000000
-0.017297
0.000000
0.161846
0.265680
-0.000000
0.000000
0.952729
0.000000
0.000000
0.000000
0.029074
0.000000
-0.000000
0.262386
0.000000
0.000000
0.391749
0.000000
-0.000896
0.329486
-0.027961
0.003591
0.000000
0.000000
0.000000
0.000000
0.000000
0.017369
0.000000
0.000000
0.000000
0.000000
0.000000
0.000000
-0.024601
-0.000000
0.000000
0.000000
-0.000000
0.418051
0.063217
88.978759
1.252003
-0.000000
0.184305
0.000000
0.000000
0.000000
0.000000
0.000000
-0.000000
-0.011391
0.000000
0.000000
0.000000
0.392444
0.000000
0.000000
-0.000000
0.000000
-0.000000
0.000000
0.000000
0.000000
0.000000
0.000000
-0.000000
0.000000
0.000000
0.000000
0.000000
0.000000
0.000000
0.000000
0.000000
0.000000
0.000304
0.005517
-0.030224
0.000000
0.000000
-0.000000
0.000000
0.000000
-0.010106
0.082806
0.000000
0.000000
0.000000
0.000000
0.000000
0.000000
-0.024708
0.000000
0.000000
23.228511
-0.001689
0.000000
0.000000
0.000000
0.000000
-0.000000
0.000000
0.000000
0.000000
0.000000
-0.000000
0.000000
0.439106
0.000000
0.000000
-0.005952
0.000000
-0.000000
-0.009861
0.000000
-0.053011
0.280299
0.000000
0.246717
0.000000
-0.002926
-0.001037
0.105308
16.702542
-0.000000
0.000000
0.000000
-0.000000
0.077002
0.000000
1.240109
0.145561
-0.000000
0.000000
0.000000
0.000000
6.378644
0.139830
0.000000
0.091785
0.190180
0.000000
-0.062906
0.001232
0.000000
0.000000
0.299680
0.113138
-0.000000
-0.000000
0.000000
-0.007933
0.000000
0.000000
-0.015824
0.000000
-0.000000
0.083640
0.002463
0.000000
0.000000
0.000000
-0.000000
0.000000
-0.000000
-0.000000
-0.000000
-0.000000
-0.000000
0.000000
0.000000
0.000000
0.000000
0.000000
-0.000000
0.882551
0.000000
0.000000
0.000000
0.505507
-0.000000
-0.000000
-0.004299
-0.014583
1.863605
0.000000
0.000000
-0.000000
0.000000
0.000000
0.287100
0.000000
0.000000
0.567625
0.000000
0.000000
0.000000
0.000000
0.000000
0.000000
0.000000
0.749662
-0.000000
0.000000
0.000000
0.000000
0.000000
-0.005128
-0.000000
-0.000000
0.935441
-0.000000
0.000000
-0.000896
-0.000000
-0.000000
-0.000000
0.000000
0.000000
0.000000
0.000000
0.000000
0.144640
0.000000
0.000000
0.000000
0.000000
0.000000
0.000000
0.000000
0.060276
-0.000000
0.077907
0.000000
2.051932
0.851586
0.000000
0.008340
0.000000
0.041582
0.080684
0.308897
0.000000
0.536636
-0.000000
-0.000000
0.542425
0.008340
0.000000
0.000000
0.000000
0.193380
0.000000
0.008340
-0.000000
0.008340
0.020862
0.000000
0.000000
0.589018
0.350487
0.000000
0.000000
0.000000
0.000000
-0.000000
0.000000
0.000000
0.000000
0.236782
0.000000
0.000000
87.646270
0.032302
0.000000
0.000000
0.276061
0.000000
0.394139
0.000000
0.984399
0.000000
1.314475
0.000000
-767.773063
0.000000
0.270872
0.000000
0.000000
0.167939
0.000000
0.000000
-0.000000
0.000548
0.000000
0.000000
0.235994
0.000000
0.000000
0.000000
-0.011111
0.000000
0.000000
0.000000
0.000000
0.205887
0.000000
0.000000
-0.000000
0.310432
-0.000000
0.000000
0.000000
0.000000
0.000000
0.000000
-0.010989
0.000000
-0.056818
0.000000
0.000000
0.000000
0.000000
0.000000
0.750845
0.000000
-0.000000
0.000000
0.000000
0.000000
0.000000
0.000000
0.000000
0.000000
0.000000
0.000505
-0.000000
0.000000
0.000000
-0.000000
0.000000
0.033965
0.000000
0.000000
0.000000
0.000000
0.000000
0.000000
-0.000000
0.000000
-0.000000
-0.028257
-0.000000
0.000000
0.000000
-0.000000
0.000000
-0.016987
0.000000
-0.036664
0.000000
0.000000
0.000000
0.764316
-0.000000
0.000000
0.000000
0.000000
0.000000
0.000000
-0.000000
0.000000
0.000000
-0.005128
-0.000000
0.000000
0.000000
0.000000
0.000000
0.000000
0.000000
0.000000
0.000000
0.000000
0.313070
-0.000000
0.000000
0.000000
-0.000000
-0.000000
0.000000
0.001737
0.035749
-0.000000
-0.084785
0.000000
0.000000
0.158449
0.000000
0.000000
0.000000
0.000000
0.000000
0.000000
0.000000
-0.000000
0.000000
0.000000
0.661064
0.000000
0.000000
-0.000000
0.000000
0.000000
-0.000000
-0.000000
0.021441
0.000000
0.000000
1.355771
0.000000
0.000000
0.000000
-0.005151
0.011697
0.000000
0.000000
0.000000
0.000000
0.000000
0.000000
0.000000
-0.000000
0.000000
0.000000
0.000000
-0.000000
0.000000
0.000000
0.000000
0.000000
0.000000
0.000000
0.000000
0.000000
-0.000000
0.000000
1.225438
0.000000
0.121387
0.000000
0.000000
0.026491
0.000000
-0.000000
0.000000
0.000000
0.000000
0.000000
-0.000000
0.186526
0.000000
0.000000
-0.000000
0.000000
0.000000
-0.005952
0.220142
0.000000
0.220142
0.000000
0.000000
0.000000
1.668445
-0.000000
0.008178
-0.025811
0.081149
0.000000
0.000000
0.030645
0.029331
-0.014057
0.000000
-0.000000
0.000000
0.000000
0.000000
0.000000
0.057332
0.331003
0.069552
0.036765
0.276273
0.000000
0.700105
0.445474
0.000000
0.000000
0.086529
4.125553
0.040034
0.000000
0.000000
0.000000
0.057332
1.153320
0.000000
0.000000
0.894224
0.000000
0.476320
0.002226
2.089191
0.000000
0.000000
0.081149
0.087578
0.911415
0.000000
0.000000
0.369910
0.000000
0.000000
0.216009
0.000000
0.000000
0.003497
0.032302
0.000000
0.000000
0.000000
0.076868
0.270620
0.396922
0.000000
10.345717
0.000000
0.000000
0.000000
0.000000
0.000000
0.000000
0.000000
3.500113
0.000000
-0.000000
0.000000
0.000000
0.000000
10.939859
0.070928
0.000000
0.152403
0.000000
0.144689
-0.014267
-0.005128
2.827666
0.000000
0.000000
1.889524
-0.040916
0.000000
0.000000
-0.000000
0.002564
0.005128
0.000000
0.000000
0.000000
0.000000
0.000000
0.000000
0.000000
0.000000
0.000000
-0.000000
0.000000
-0.000000
-0.000000
0.000000
0.000000
0.016143
0.000000
0.000000
-0.000000
0.000000
-0.000000
0.000000
0.000000
1.263659
0.000000
-0.052031
-0.016702
0.000000
0.000000
0.000105
0.000000
-0.004348
-0.015186
-0.000000
0.000000
-0.005128
0.000000
0.000000
0.000000
0.000000
0.000000
0.000000
0.000000
0.000000
0.000000
0.000000
0.000000
0.000000
0.000000
0.000000
-0.003542
-0.000000
-0.000000
-0.000000
-0.000000
0.000000
0.000000
-0.000000
0.000000
0.000000
0.493681
0.000000
0.000000
0.000000
0.000000
0.000000
0.000000
0.034540
0.000000
-0.000000
0.000000
0.000000
0.000000
0.000000
0.572936
0.000000
0.014188
0.000000
0.000000
0.001202
0.000000
0.000000
0.000000
1.088526
1.088526
-0.000000
0.000000
-0.003017
0.000000
-0.025811
0.000000
0.000000
0.000000
0.000000
0.079536
0.000000
-0.026319
-0.000000
-0.005128
0.000000
-0.000000
0.000000
0.002534
0.152905
0.000000
0.006015
0.000000
-0.000000
0.000000
0.000000
-0.000000
-0.000000
0.000000
0.000000
0.000000
0.000000
-0.000000
0.000000
-0.000000
0.000000
0.000000
0.000000
-0.000000
-0.216513
0.000000
0.007416
0.000000
0.013456
0.317061
0.013456
0.000000
0.000000
-0.000000
0.436885
0.000000
0.000000
-0.000000
0.000000
0.000000
0.000000
0.000000
-0.554465
0.021346
0.002851
0.000000
0.000000
0.000000
0.000000
-0.000000
0.000000
-0.008929
0.000000
0.000000
0.000000
0.000000
0.000000
0.000000
0.000000
0.000000
-0.000896
0.000000
0.000000
0.000000
0.000000
-0.000000
0.000000
0.000000
-0.000000
0.000000
-0.007521
0.000000
0.018440
-0.008929
0.398544
-0.000000
0.533812
-0.000000
-0.015841
-0.000000
-0.000000
0.000000
0.000000
0.391445
-0.000000
-0.000000
-0.008763
0.000000
0.331635
-0.000000
1.347885
-0.011765
0.000000
-0.010024
-0.005160
0.000000
0.000000
0.000000
0.644984
0.000000
0.000000
0.000000
0.096267
0.000000
0.000000
0.000000
0.000000
0.023169
-0.000000
0.000000
-0.000000
0.000000
0.000000
-0.000000
0.000000
0.000000
0.661368
0.000000
0.000000
0.017350
0.150102
0.000000
-0.002392
0.000000
-0.000000
-0.000000
0.138361
-0.018841
0.000000
-0.000000
0.000000
0.000000
0.000000
0.000000
0.000000
0.049474
0.000000
0.000000
0.000000
0.000000
0.000000
0.000000
0.000000
0.000000
0.000000
0.000000
0.383030
0.000000
0.005128
-0.008524
0.000000
0.000000
0.000000
0.000000
0.000000
0.000000
0.000000
0.001471
-0.000000
-0.008258
-0.000000
0.000000
0.000000
0.000000
0.000000
0.000000
-0.000000
0.000000
0.000000
-0.000000
-0.000000
0.000000
0.000000
0.000000
0.000000
0.000000
-0.000000
-0.000000
-0.018750
0.000000
0.000000
-0.000000
0.000000
0.005128
0.000000
0.000000
0.000000
0.000000
0.000000
0.000000
0.125268
0.000000
0.000000
-0.000000
0.000000
0.000000
0.000105
0.000000
0.000000
0.000000
0.000000
0.000000
0.000000
0.000000
0.000000
0.000000
0.000000
0.000000
0.000000
0.000000
0.000000
0.000000
-0.000000
-0.016969
-0.010842
-0.007321
0.000000
0.000000
0.000000
0.250964
0.000000
0.000000
-0.000000
0.000000
0.000000
-0.016649
-0.005128
0.000000
-0.048926
0.000000
0.000000
0.000000
-0.007692
0.000000
-0.000000
0.000000
-0.000000
0.000000
-0.000000
0.000000
0.000000
0.000000
0.000000
0.000000
0.000000
0.000000
-0.000000
0.005495
0.000000
-0.014815
0.000000
-0.000000
-0.000000
0.000000
0.000000
0.000000
0.000000
0.000000
-0.019017
-0.003344
0.000000
-0.004785
0.008929
-0.000000
0.000000
0.000000
0.000000
-0.000000
0.000000
-0.000000
0.000000
0.749906
0.000000
-0.002392
-0.000000
0.000000
0.000000
0.000000
-0.027587
0.000000
-0.000000
0.000000
0.499516
1.396541
0.000000
0.015374
0.051936
0.000641
0.044801
0.000000
0.274303
0.000000
0.000000
0.000000
0.000000
-0.000000
0.000000
0.000000
0.000000
0.000000
0.028163
0.000906
0.000000
-0.000000
0.000304
0.001084
0.003040
0.000000
-0.005128
-0.015120
-0.000000
-0.000000
0.000000
0.000000
0.000000
0.000000
0.000000
0.000000
0.000000
0.000000
0.000000
0.000000
-0.000000
0.000000
0.000000
0.000000
0.183438
-0.000000
0.000000
-0.000000
-0.000000
0.000000
0.000000
0.000000
0.000000
0.000000
-0.000000
0.000000
0.000000
0.175012
0.000000
0.000000
0.000000
0.091830
0.000000
-0.000000
1.416747
0.000000
0.001784
0.221276
0.000000
0.000000
-0.000000
0.052379
0.000000
-0.009802
-0.000000
0.000000
0.001732
0.000000
0.000000
0.000000
0.000000
0.000000
0.000000
0.000000
-0.002392
-0.000000
0.000000
0.000000
0.000000
0.000000
0.007751
-3.540770
0.000000
0.000000
0.000000
-0.000000
0.000000
0.000000
0.000000
0.000000
-0.000687
0.000000
0.000000
0.000000
0.000000
0.000000
0.144988
0.001667
0.014860
0.039247
0.000000
0.000000
0.000711
-0.018302
0.000000
0.000000
-0.013301
0.000000
-0.009248
-0.000000
0.000000
0.000000
0.000000
-0.002392
0.000000
0.000000
0.000000
0.000000
0.000000
0.000000
-0.000000
-0.000000
0.000000
-0.000000
0.000000
-0.010295
0.000000
-0.046456
107.953523
0.218765
0.109899
0.157193
0.656345
0.000463
-3.224795
0.134638
0.687026
0.012284
0.000000
0.015374
-0.000000
-0.017544
-0.000000
0.000000
0.004500
0.000000
0.004500
0.175012
0.303030
-0.004348
0.000000
0.000000
1.088526
0.259222
0.000000
0.000000
0.087578
0.015152
0.304766
0.218039
0.175012
1.272413
0.000000
0.000000
0.883250
0.239475
0.304766
0.541878
3.553928
0.000000
0.000000
0.022916
0.000000
0.104293
0.000000
1.088526
0.000000
0.165706
0.321348
0.000000
0.556774
0.301212
0.000000
0.521440
0.198461
0.000000
0.000000
-0.000000
0.000000
0.000000
-0.018576
0.000000
0.000000
0.000000
-0.000000
-0.018200
0.000000
0.000000
-0.000000
-0.000000
0.000000
0.000000
-0.025063
0.000000
0.282209
0.000000
0.000000
-0.000000
0.000000
0.000000
0.000000
0.000000
0.000000
0.000000
0.000000
0.000000
0.000000
0.001737
0.000000
0.000000
0.000000
0.000000
0.000000
-0.000000
-0.007925
-0.013913
0.000000
0.420206
-0.000000
-0.000000
0.000000
0.009241
0.000000
0.000000
0.000000
-0.000000
0.000000
0.000000
0.000000
-0.000000
-0.019130
-0.000000
-0.002564
0.033333
13.463222
0.000000
0.000000
-0.000000
0.000000
0.000000
-0.046443
0.000000
0.000000
0.000000
0.000000
0.000000
0.000000
-0.000000
0.000000
0.000000
-0.000000
-0.000000
0.000000
0.000000
0.000000
-0.000000
0.000000
0.000000
-0.000000
0.000000
0.000000
0.000000
0.000000
0.000000
0.000000
0.000000
-0.019444
0.000000
0.000000
0.000000
-0.002007
0.000000
0.000000
0.000000
0.000000
0.000000
0.000000
0.008095
0.000000
-0.017573
0.107836
-0.000000
0.000000
-0.000000
0.000000
0.000000
0.000000
